1623260587 7
4136610826 6
2267134298 8
637933472 2
2925068369 9
1237152533 3
3921694935 5
2691534406 6
1568104510 0
726337254 4
2971261601 1
2503043416 6
1532173604 4
3616634707 7
3511735250 0
518832855 5
41261482 2
1061133647 7
2091183824 4
514912665 5
1721451208 8
2248466508 8
4238111649 9
2433896643 3
3413559540 0
2403937726 6
1638798163 3
889600933 3
4208881879 9
4102103605 5
1971004470 0
1162075118 8
2054115338 8
3766421989 9
2033047575 5
1321404444 4
2218334760 0
3661727169 9
2585712738 8
3631196670 0
239438018 8
967978934 4
3733851767 7
1072774431 1
1296881988 8
601926091 1
2284802325 5
2071283148 8
110395039 9
1604037473 3
4286677284 4
3129350666 6
1314345625 5
2358565468 8
2451058331 1
686045700 0
1524771361 1
496885862 2
1950341548 8
564390807 7
453431760 0
3290817498 8
2919107108 8
3343107273 3
3774799249 9
1675872077 7
1656713365 5
2726827453 3
19452330 0
388097614 4
3235815583 3
3936057028 8
1319070704 4
4033213083 3
2613928749 9
4038150117 7
1084719039 9
734996098 8
3847281984 4
919768147 7
3409139160 0
2124481820 0
4242498346 6
4212279643 3
779285641 1
3586369369 9
773751149 9
3758549468 8
1152051653 3
4282268323 3
1902799396 6
4218792704 4
1640304525 5
2087876347 7
785835202 2
224946949 9
1335493951 1
472615063 3
3095200531 1
278895316 6
802731298 8
1613534053 3
1944289000 0
172525938 8
2646876211 1
3766250023 3
674062313 3
255139761 1
4153675621 1
4251231974 4
2131259906 6
972120002 2
2884565601 1
83789108 8
3311531941 1
1764555709 9
3685931375 5
2066563670 0
255458089 9
839893284 4
1769423646 6
3761699566 6
3955553380 0
611642140 0
3765303512 2
741365313 3
1535875678 8
3429630708 8
3254255000 0
1883737022 2
2188104875 5
748778849 9
3834982114 4
4059014677 7
1844766533 3
3192767392 2
2658406967 7
2112302323 3
560981724 4
3845715897 7
1861808555 5
3173487201 1
125824993 3
1594467135 5
237951578 8
1134615912 2
523569083 3
3661120684 4
2149315346 6
3396737961 1
3456876967 7
79650151 1
4284604440 0
746601491 1
1307164898 8
1337338636 6
769817985 5
2408809857 7
2357045853 3
2509710559 9
691756922 2
1132218831 1
1031366979 9
2003403200 0
1228366031 1
1860105433 3
522747667 7
327952033 3
1905782755 5
445458966 6
769145214 4
1439233971 1
2535675828 8
1376107305 5
4278226106 6
3910226581 1
1255277460 0
48851940 0
3482678567 7
2102253300 0
3229443630 0
2113200428 8
961537749 9
558337962 2
3156116107 7
3469641993 3
688429572 2
1296834470 0
656705937 7
1616807257 7
1737530517 7
2087864644 4
1362387971 1
1069619164 4
3669584843 3
630932056 6
4036760141 1
2830877349 9
4284657436 6
2281099215 5
983059037 7
4273521461 1
402346028 8
2180758258 8
421666553 3
3220314957 7
1641724163 3
2284179582 2
1587341105 5
2997479594 4
2253053768 8
2041581650 0
743989293 3
687836903 3
1323928886 6
1752621886 6
315385255 5
287310095 5
4170168805 5
2014892011 1
2716774539 9
2078896292 2
2789895706 6
2664434455 5
2686935217 7
1836891388 8
3894276941 1
3273759046 6
3242537688 8
4253039660 0
1113215527 7
2986458544 4
2805590294 4
939619115 5
4131816777 7
3938501209 9
3010465677 7
2308821648 8
878358963 3
2635801576 6
2519912054 4
1725741285 5
878660056 6
1750474709 9
502054995 5
526656132 2
4043700606 6
418294551 1
233213452 2
3089414790 0
1228862930 0
2786396096 6
981491085 5
2924271080 0
2081826624 4
3223188612 2
2739710872 2
2523433323 3
1486502944 4
2245593327 7
2983535698 8
3715146402 2
2225863944 4
2989899892 2
2397323711 1
1670276514 4
2627534221 1
3790954194 4
2437133204 4
2300127426 6
2646666151 1
4080515816 6
786619088 8
855395316 6
2097897216 6
1750373607 7
2564913737 7
3278428905 5
2719180150 0
3977822423 3
3767439553 3
3765515357 7
271004413 3
1070301668 8
3364446648 8
1882038780 0
380928788 8
2450083819 9
4033119371 1
3840121223 3
3804232336 6
1373069905 5
1099179362 2
624410904 4
3361871209 9
1879933776 6
1899642896 6
922538066 6
3609351222 2
1599973138 8
939114134 4
1771016891 1
4246601457 7
235083834 4
3061134322 2
877578820 0
344517404 4
2487699141 1
3955963155 5
3619228262 2
2956992166 6
2573902206 6
3895745598 8
1830383478 8
781897148 8
576035526 6
529993654 4
1539037820 0
1500292527 7
1732233881 1
2071975613 3
2018984239 9
86346710 0
3148774749 9
355452797 7
267589324 4
997661612 2
1674266585 5
3013480979 9
1584740290 0
2050645018 8
1920866981 1
322087474 4
1625724183 3
943308908 8
1400085999 9
2355845079 9
1411689886 6
3572866346 6
2649824195 5
3823366762 2
2083279557 7
600897091 1
3153050922 2
4232876840 0
4048835474 4
432180135 5
112507211 1
2711191559 9
667883497 7
2127320433 3
2285313366 6
3575672299 9
1622808933 3
784834018 8
637009893 3
2817136921 1
3691868815 5
842558473 3
4126691964 4
2370471418 8
3567957316 6
3046795069 9
3611108340 0
3440494152 2
4012115318 8
1646041075 5
4141552039 9
1497486055 5
2462018803 3
304038628 8
3478007755 5
3368821566 6
722261139 9
3747449161 1
2562359575 5
983755943 3
1482179924 4
3347438166 6
4075562096 6
1633631506 6
433762069 9
1627386188 8
18183193 3
550754304 4
3537523965 5
723054070 0
164725635 5
2591127093 3
1270281749 9
4051056311 1
704386222 2
2860501815 5
824017245 5
1485515017 7
3734522968 8
3395841302 2
2344290830 0
2785549354 4
3228514270 0
3362663865 5
1348209618 8
733681319 9
313482622 2
3669380571 1
2522493899 9
1875293211 1
765381981 1
519020472 2
1204117062 2
1856029642 2
1543888291 1
921152444 4
1467314 4
1509323932 2
1038387205 5
1124993807 7
1331734020 0
2926216775 5
795466956 6
374815320 0
3814246623 3
2403926507 7
607955918 8
1212454425 5
3792940481 1
530211957 7
2653880194 4
2573580506 6
156399610 0
3947339088 8
2527582850 0
4236798845 5
132855656 6
1123889786 6
43705903 3
3840290767 7
274411337 7
1844058023 3
943217302 2
1878965537 7
118386972 2
3783441860 0
679209388 8
2862866396 6
4048927869 9
3095277272 2
1735908002 2
2652804554 4
3128444382 2
3162709111 1
1605720327 7
988007858 8
3636799679 9
748892490 0
2652194968 8
3579739117 7
4249899898 8
764339988 8
2826763736 6
2398597114 4
4226747307 7
2513236656 6
1922776152 2
869058333 3
1972408089 9
525860238 8
998738116 6
2577457700 0
161649548 8
1164922442 2
426964207 7
2706031417 7
990950666 6
2719248252 2
2170213547 7
3253921144 4
3172254368 8
3416368290 0
3943048689 9
3151656160 0
2647557531 1
1013537809 9
1453401983 3
4222210904 4
213461457 7
1164449137 7
1845905483 3
2376376162 2
4212357191 1
1281977029 9
1853364987 7
3224407923 3
1682360037 7
1388801675 5
301677467 7
2071095799 9
4259125265 5
3180902752 2
1341538413 3
3057136122 2
2432625325 5
125874614 4
3945276497 7
804186601 1
3897002902 2
1877627207 7
2089363915 5
3301125256 6
1364113180 0
87832836 6
1270982834 4
3379720311 1
1914617293 3
1024393205 5
3879086474 4
836086851 1
3375006556 6
1414601401 1
2039286077 7
435361657 7
2454128845 5
3578596856 6
3821660426 6
264870862 2
2216962440 0
1941745719 9
1734283489 9
748212551 1
2436526400 0
3756392349 9
49700822 2
1600287055 5
941176552 2
3415122066 6
4066673939 9
159931593 3
3002246939 9
466162840 0
209888071 1
1823190750 0
2724970979 9
951377436 6
1711041047 7
2312494410 0
4099965176 6
857486759 9
3694156787 7
1221758536 6
2353623163 3
2604084291 1
41970740 0
2884921369 9
3484509230 0
3975946478 8
1773871931 1
1280897651 1
489608409 9
324544601 1
2508593129 9
3506729538 8
3625471316 6
500340328 8
3286282833 3
2282976804 4
1222756778 8
1714061215 5
1412214633 3
1039522772 2
3120916689 9
995513379 9
3300544756 6
677507897 7
1553603665 5
206390902 2
283828352 2
343391970 0
1878220141 1
3928551469 9
680164786 6
3475525520 0
2087832924 4
4152861547 7
255620189 9
2339306677 7
1853243423 3
2357266425 5
329898933 3
1029884466 6
1817164107 7
2186087391 1
687498134 4
1470922819 9
864176451 1
2412404334 4
1154658258 8
1793767652 2
1627942139 9
3389891371 1
2265467344 4
905036230 0
2156711108 8
993636490 0
4102595527 7
707891722 2
4002094122 2
1628161249 9
1312732508 8
3208289099 9
2334208417 7
800533006 6
2091156057 7
938842123 3
1951585507 7
646394520 0
3845568484 4
82715813 3
572025245 5
3660273508 8
3875339896 6
4052756531 1
1014769006 6
3852898719 9
147954525 5
3438591896 6
3233996485 5
3250568063 3
3235163539 9
667784458 8
3152362841 1
2302755396 6
907543261 1
111342084 4
1549013686 6
3060150875 5
743397064 4
2519214204 4
3916900711 1
188147560 0
2949425677 7
1899740158 8
1100485620 0
1509941272 2
3315703015 5
2911302051 1
79078216 6
1201769641 1
335978830 0
2942691319 9
1939652699 9
944808901 1
883366354 4
4020924903 3
2858460995 5
382691459 9
2751166330 0
1520546394 4
4011438038 8
4193340813 3
3216093812 2
493123643 3
1080797582 2
2637146017 7
3696417787 7
3685999303 3
2678225688 8
3710806431 1
1693836219 9
524331565 5
2694235266 6
1373640110 0
4124834935 5
152742266 6
1170345227 7
346490821 1
1915964644 4
248588750 0
1275499912 2
1828179729 9
3760407342 2
3454663485 5
1575913437 7
3159219589 9
3019237477 7
76364369 9
2254115571 1
2922889924 4
3342494308 8
2417843362 2
2054108764 4
1717040826 6
2717070245 5
834141353 3
1199324788 8
3417689034 4
1219214972 2
1850086356 6
444944189 9
863748177 7
1941165313 3
3309912374 4
1951128180 0
354741681 1
704130352 2
3601602264 4
2537142624 4
3375284437 7
3549527678 8
2346442283 3
1959882018 8
918335094 4
1320595379 9
1031317682 2
492453063 3
4116869820 0
2607052080 0
838458529 9
480213680 0
3186336770 0
311551540 0
1918624725 5
678981115 5
193066419 9
460883099 9
4288075344 4
2020761735 5
3061850368 8
4140530309 9
2239910970 0
3245468794 4
3932427401 1
1558150908 8
1925186445 5
887334446 6
82167633 3
3052019558 8
1953249820 0
2832544256 6
1419728004 4
1012980040 0
3130392975 5
1338524818 8
2785745600 0
3443859527 7
3206515910 0
309812249 9
4134193283 3
3951088858 8
2765393791 1
991623741 1
3515791444 4
1873450539 9
1840555585 5
4127722771 1
2277866320 0
325616799 9
1208126360 0
2594824811 1
4290143864 4
2971779695 5
1993814001 1
3617383547 7
2205837521 1
3503636737 7
645336309 9
1193567094 4
3194394394 4
2251003224 4
4019012444 4
2712525960 0
221866005 5
1109484126 6
1000193990 0
870582551 1
1972476095 5
411672133 3
3434745262 2
3106514977 7
2960594786 6
1322021595 5
3154424380 0
1050094208 8
2733124424 4
3500088388 8
1937601336 6
1130453761 1
2665220295 5
1118920875 5
4221739817 7
2009241543 3
1775777256 6
1665915686 6
3867098070 0
2787586543 3
2826769909 9
2371312000 0
1653558563 3
2522846913 3
2571494997 7
376789783 3
3201878423 3
3176106935 5
332009055 5
3479902547 7
1868753213 3
3311513912 2
3807673608 8
2228740338 8
1443185611 1
338860773 3
2725114988 8
2152781959 9
1388380212 2
1937859051 1
320360025 5
2339358896 6
3832046410 0
140025362 2
970778175 5
1534455423 3
2161905862 2
3789520186 6
3338115108 8
1709224354 4
2782498532 2
2981487644 4
246282645 5
2061575949 9
687076406 6
3712938802 2
278017021 1
1367609089 9
2359349689 9
3415851059 9
3841649309 9
3443011629 9
493631280 0
1291480334 4
3988642609 9
4178386575 5
3428653029 9
3241896772 2
1614966214 4
731428384 4
2932596332 2
3492919466 6
920365712 2
1273989377 7
1175782904 4
3494080766 6
1739852672 2
827452310 0
2127663448 8
2978402745 5
1532371082 2
1177263180 0
2200184267 7
3801568138 8
4167331788 8
4120652692 2
1263175215 5
2215851015 5
2661059306 6
1649134801 1
988757778 8
1606318580 0
1173819854 4
2581863998 8
1840374541 1
677462154 4
1069038612 2
2429199363 3
1255192708 8
1221859573 3
3414351023 3
1814713165 5
2988942034 4
405720562 2
2439594799 9
933418544 4
3097387493 3
2810734996 6
4041654730 0
1145775631 1
322854394 4
1881377410 0
2299671956 6
1508382772 2
4207996141 1
3330454950 0
2191757426 6
3094608074 4
3066409502 2
1343257414 4
1540503119 9
2762072165 5
1290101857 7
1611562367 7
1039107846 6
852987234 4
3275280897 7
1983609747 7
929736769 9
762391931 1
2054196360 0
3834102371 1
1988743302 2
3200806183 3
1519998198 8
845108176 6
4278222984 4
2487120717 7
2168865896 6
2791368047 7
357691691 1
1610144497 7
2181334830 0
4289358459 9
472317514 4
1228515278 8
760884487 7
1043498335 5
2188362031 1
988183284 4
359948064 4
2881041352 2
511715893 3
2121662908 8
3339322498 8
1734171673 3
3838186559 9
3019324449 9
126591591 1
2546791663 3
2942049267 7
950476031 1
3943078665 5
1553930629 9
423438548 8
2439277180 0
1058063860 0
222820086 6
1240399488 8
2484108986 6
2066322043 3
3947557570 0
1694022572 2
2735441365 5
2689918049 9
1024317282 2
1184509953 3
2997772515 5
2059370521 1
2091411529 9
2275448797 7
2231352624 4
20960321 1
3115778220 0
123231408 8
3417307737 7
1922674185 5
1434370279 9
2262569501 1
383206519 9
95523195 5
1945459790 0
3738403489 9
2006427703 3
3564150245 5
3754221684 4
4070161301 1
1257475097 7
3133601549 9
2667628701 1
1470805236 6
549464903 3
3937049499 9
1202675571 1
3891637735 5
2071661997 7
1185379750 0
1437610773 3
2221356118 8
1298440504 4
1884077135 5
2287739785 5
2889002625 5
3381199809 9
1762742650 0
2768097092 2
4257177378 8
3749386611 1
55371720 0
3483620841 1
306858022 2
550298734 4
1519283175 5
3636273993 3
4249747203 3
3692088102 2
